Ala;A;0;0;11.5;1.489;0.709;0.36;1.8;6
Arg;R;52;1;14.28;1.224;0.92;0.53;-4.5;10.76
Asn;N;3.38;0;12.82;0.772;0.604;0.46;-3.5;5.41
Asp;D;49.7;-1;11.68;0.924;0.541;0.51;-3.5;2.77
Cys;C;1.48;0;13.46;0.966;1.191;0.35;2.5;5.05
Gln;Q;3.53;0;14.45;1.164;0.84;0.49;-3.5;5.65
Glu;E;49.9;-1;13.57;1.504;0.567;0.5;-3.5;3.22
Gly;G;0;0;3.4;0.510;0.657;0.54;-0.4;5.97
His;H;51.6;0;13.69;1.003;0.863;0.32;-3.2;7.59
Ile;I;0.13;0;21.4;1.003;1.799;0.46;4.5;6.02
Leu;L;0.13;0;21.4;1.236;1.261;0.37;3.8;5.98
Lys;K;49.5;1;15.71;1.172;0.721;0.47;-3.9;9.74
Met;M;1.43;0;16.25;1.363;1.21;0.3;1.9;5.74
Phe;F;0.35;0;19.8;1.195;1.393;0.31;2.8;5.48
Pro;P;1.58;0;17.43;0.492;0.354;0.51;-1.6;6.3
Ser;S;1.67;0;9.47;0.739;0.928;0.51;-0.8;5.68
Thr;T;1.66;0;15.77;0.785;1.221;0.44;-0.7;5.66
Trp;W;2.1;0;21.67;1.090;1.306;0.31;-0.9;5.89
Tyr;Y;1.61;0;18.03;0.787;1.266;0.42;-1.3;5.66
Val;V;0.13;0;21.57;0.990;1.965;0.39;4.2;5.9